# Døgn-verdier for stasjon Sogndalsvatn, fra 2017.26.12 til 2018.23.2
# Dato              Vannstand          Vannføring                 75p              median                 25p
26122017               1.4890              6.8393               2.655               1.524               0.708
27122017               1.4450              5.7469               2.694               1.531               0.664
28122017               1.4035              4.8314               2.725               1.557               0.645
29122017               1.3664              4.1022               2.662               1.533               0.619
30122017               1.3348              3.5442               2.605               1.469               0.599
31122017               1.3069              3.0961               2.553               1.397               0.565
01012018               1.2963              2.9360               2.443               1.311               0.540
02012018               1.2841              2.7588               2.374               1.250               0.523
03012018               1.2648              2.4949               2.273               1.180               0.510
04012018               1.2483              2.2823               2.175               1.107               0.499
05012018               1.2332              2.1000               2.080               1.040               0.482
06012018               1.2150              1.8933               1.969               0.988               0.485
07012018               1.2056              1.7916               1.964               0.968               0.485
08012018               1.2033              1.7678               2.190               0.965               0.491
09012018               1.1967              1.6999               2.375               0.971               0.497
10012018               1.1894              1.6265               2.477               1.004               0.520
11012018               1.1834              1.5680               2.682               1.104               0.544
12012018               1.1771              1.5078               2.829               1.178               0.562
13012018               1.1681              1.4251               2.942               1.263               0.583
14012018               1.1609              1.3605               3.143               1.332               0.618
15012018               1.1548              1.3082               3.344               1.394               0.653
16012018               1.1602              1.3547               3.482               1.457               0.699
17012018               1.1610              1.3614               3.501               1.513               0.732
18012018               1.1566              1.3229               3.298               1.546               0.763
19012018               1.1539              1.3006               3.148               1.560               0.789
20012018               1.1496              1.2639               3.033               1.541               0.802
21012018               1.1426              1.2065               2.801               1.453               0.812
22012018               1.1360              1.1543               2.581               1.381               0.814
23012018               1.1442              1.2198               2.403               1.305               0.810
24012018               1.1634              1.3825               2.154               1.258               0.792
25012018               1.2151              1.8943               1.927               1.216               0.769
26012018               1.2368              2.1422               1.745               1.167               0.724
27012018               1.2293              2.0543               1.637               1.102               0.688
28012018               1.2254              2.0092               1.562               1.044               0.652
29012018               1.2182              1.9279               1.486               1.006               0.623
30012018               1.2099              1.8372               1.456               0.980               0.596
31012018               1.2096              1.8345               1.485               0.967               0.582
01022018               1.2001              1.7341               1.572               0.959               0.586
02022018               1.1846              1.5793               1.712               0.963               0.594
03022018               1.1686              1.4290               1.839               0.974               0.602
04022018               1.1555              1.3142               2.027               0.982               0.616
05022018               1.1450              1.2262               2.180               0.985               0.639
06022018               1.1360              1.1542               2.257               1.006               0.658
07022018               1.1278              1.0916               2.332               1.031               0.671
08022018               1.1248              1.0688               2.382               1.051               0.682
09022018               1.1294              1.1034               2.381               1.066               0.693
10022018               1.1329              1.1303               2.315               1.061               0.692
11022018               1.1284              1.0958               2.194               1.047               0.680
12022018               1.1268              1.0836               2.038               1.019               0.661
13022018               1.1219              1.0473               1.938               0.979               0.644
14022018               1.1157              1.0029               1.758               0.939               0.625
15022018               1.1081              0.9495               1.604               0.905               0.598
16022018               1.1033              0.9172               1.492               0.857               0.577
17022018               1.1000              0.8951               1.385               0.808               0.557
18022018               1.1008              0.9001               1.298               0.769               0.538
19022018               1.0963              0.8713               1.272               0.734               0.518
20022018               1.0904              0.8335               1.263               0.714               0.498
21022018               1.0879              0.8180               1.297               0.701               0.483
22022018               1.0836              0.7916               1.321               0.687               0.479
23022018                 ----                ----               1.312               0.674               0.472
